0 0.2275390625 0.30453879941434847 0.05078125 0.0849194729136164
0 0.48486328125 0.42972181551976574 0.0693359375 0.10688140556368961
0 0.45458984375 0.3213762811127379 0.0556640625 0.09809663250366032
0 0.5634765625 0.32650073206442165 0.046875 0.07613469985358712
0 0.63525390625 0.31478770131771594 0.0478515625 0.09370424597364568
0 0.705078125 0.32650073206442165 0.068359375 0.12005856515373353
0 0.75 0.26720351390922403 0.041015625 0.08052708638360176
0 0.982421875 0.2825768667642753 0.033203125 0.08784773060029283
0 0.98486328125 0.41800878477306 0.0283203125 0.11566617862371889
0 0.39111328125 0.3177159590043924 0.0400390625 0.08199121522693997
