1 0.17533333333333334 0.16024340770791073 0.07066666666666667 0.11764705882352941
1 0.6386666666666666 0.09026369168356999 0.07466666666666666 0.11156186612576065
1 0.832 0.09026369168356999 0.072 0.11561866125760649
1 0.6366666666666666 0.23427991886409735 0.07333333333333333 0.11967545638945233
1 0.8353333333333333 0.23225152129817445 0.08666666666666667 0.11561866125760649
1 0.6406666666666666 0.3772819472616633 0.06266666666666666 0.11764705882352941
1 0.838 0.3813387423935091 0.06533333333333333 0.11764705882352941
1 0.6446666666666666 0.526369168356998 0.06266666666666666 0.11967545638945233
1 0.8406666666666667 0.5283975659229209 0.06266666666666666 0.11156186612576065
1 0.6433333333333333 0.6754563894523327 0.06533333333333333 0.12170385395537525
1 0.8326666666666667 0.6815415821501014 0.08133333333333333 0.11764705882352941
1 0.642 0.8245436105476673 0.07066666666666667 0.13184584178498987
1 0.842 0.8255578093306288 0.06 0.1257606490872211
