1 0.530625 0.2879924953095685 0.11375 0.24202626641651032
1 0.806875 0.21388367729831145 0.09875 0.2026266416510319
1 0.9550000000000001 0.41088180112570355 0.08750000000000001 0.2176360225140713
1 0.725 0.775797373358349 0.13 0.2270168855534709
1 0.39 0.6688555347091932 0.1275 0.24202626641651032
1 0.115 0.46153846153846156 0.11750000000000001 0.19887429643527205
1 0.3275 0.2879924953095685 0.1375 0.18574108818011256
1 0.435625 0.11444652908067542 0.10875 0.2176360225140713
1 0.111875 0.07317073170731707 0.09875 0.14634146341463414
1 0.0325 0.2682926829268293 0.065 0.2026266416510319
1 0.749375 0.07410881801125703 0.09625 0.14071294559099437
