1 0.304 0.1704730831973899 0.134 0.27569331158238175
1 0.506 0.1769983686786297 0.114 0.2300163132137031
1 0.6985 0.16231647634584015 0.123 0.2169657422512235
1 0.9125 0.17944535073409462 0.14100000000000001 0.2838499184339315
1 0.094 0.5203915171288744 0.138 0.30342577487765093
1 0.3 0.5212071778140294 0.114 0.28874388254486133
1 0.501 0.5130505709624796 0.11 0.2234910277324633
1 0.6995 0.5195758564437194 0.115 0.19738988580750408
1 0.9095 0.5318107667210441 0.135 0.2707993474714519
1 0.0915 0.8262642740619902 0.131 0.26590538336052205
1 0.309 0.8270799347471453 0.136 0.2903752039151713
1 0.5 0.8246329526916804 0.128 0.2528548123980424
1 0.7045 0.8099510603588908 0.145 0.26916802610114193
1 0.9125 0.8311582381729201 0.157 0.30179445350734097
