1 0.083984375 0.1327683615819209 0.09765625 0.1807909604519774
1 0.2431640625 0.13559322033898305 0.103515625 0.1751412429378531
1 0.4091796875 0.1440677966101695 0.095703125 0.1751412429378531
1 0.5654296875 0.1384180790960452 0.095703125 0.1694915254237288
1 0.728515625 0.13983050847457626 0.11328125 0.18361581920903955
1 0.8984375 0.1440677966101695 0.109375 0.1751412429378531
1 0.0810546875 0.4152542372881356 0.099609375 0.1581920903954802
1 0.24609375 0.4067796610169492 0.0859375 0.15254237288135594
1 0.390625 0.4025423728813559 0.1015625 0.17796610169491525
1 0.5556640625 0.4025423728813559 0.095703125 0.19491525423728814
1 0.7314453125 0.4053672316384181 0.107421875 0.17796610169491525
1 0.892578125 0.3926553672316384 0.12109375 0.1751412429378531
1 0.0830078125 0.6638418079096046 0.087890625 0.1638418079096045
1 0.2470703125 0.6850282485875706 0.083984375 0.16101694915254236
1 0.3974609375 0.6765536723163842 0.091796875 0.16101694915254236
1 0.537109375 0.6751412429378532 0.03125 0.14124293785310735
