1 0.6059895833333333 0.38515625000000003 0.10572916666666667 0.225
1 0.40781249999999997 0.6351562500000001 0.10729166666666666 0.2171875
1 0.5973958333333333 0.845703125 0.12916666666666665 0.26484375
1 0.7723958333333333 0.638671875 0.09791666666666667 0.21015625000000002
1 0.8877604166666666 0.567578125 0.1328125 0.27734375
1 0.16328125 0.661328125 0.1515625 0.20390625
1 0.93828125 0.18906250000000002 0.0609375 0.09531250000000001
1 0.22473958333333333 0.4578125 0.08385416666666666 0.11406250000000001
1 0.40338541666666666 0.455859375 0.08177083333333333 0.10546875
1 0.33229166666666665 0.22890625 0.058333333333333334 0.1
