1 0.10357142857142856 0.3911042944785276 0.07142857142857142 0.13190184049079756
1 0.2883928571428571 0.38190184049079756 0.06607142857142857 0.18098159509202455
1 0.5508928571428571 0.3788343558282209 0.08392857142857142 0.2116564417177914
1 0.06607142857142857 0.8742331288343559 0.09285714285714286 0.20245398773006135
1 0.41875 0.37423312883435583 0.08392857142857142 0.19631901840490798
1 0.6696428571428571 0.37423312883435583 0.08214285714285714 0.18404907975460122
1 0.8053571428571429 0.36349693251533743 0.08214285714285714 0.17484662576687118
1 0.9267857142857142 0.36963190184049083 0.075 0.16257668711656442
1 0.9401785714285714 0.6226993865030676 0.06964285714285715 0.17791411042944785
1 0.7964285714285714 0.6273006134969326 0.08571428571428572 0.18711656441717792
1 0.6732142857142857 0.6273006134969326 0.08571428571428572 0.18711656441717792
1 0.5366071428571428 0.6257668711656442 0.09107142857142857 0.20245398773006135
1 0.40982142857142856 0.6273006134969326 0.08392857142857142 0.18098159509202455
1 0.2875 0.6242331288343559 0.05714285714285714 0.15644171779141106
1 0.19017857142857142 0.8650306748466258 0.0625 0.17177914110429449
1 0.30624999999999997 0.8680981595092024 0.07321428571428572 0.17791411042944785
1 0.4392857142857143 0.8665644171779141 0.060714285714285714 0.1687116564417178
1 0.5660714285714286 0.8696319018404908 0.07857142857142857 0.18711656441717792
1 0.6946428571428571 0.8696319018404908 0.06785714285714285 0.18098159509202455
1 0.8071428571428572 0.8742331288343559 0.07857142857142857 0.16564417177914112
1 0.9401785714285714 0.8680981595092024 0.07678571428571428 0.19631901840490798
