1 0.05347222222222223 0.4533333333333333 0.06805555555555556 0.12148148148148148
1 0.17500000000000002 0.46296296296296297 0.08888888888888889 0.12296296296296295
1 0.2923611111111111 0.46296296296296297 0.09027777777777778 0.12296296296296295
1 0.4388888888888889 0.4637037037037037 0.10833333333333334 0.12444444444444444
1 0.5555555555555556 0.4548148148148148 0.08888888888888889 0.12444444444444444
1 0.6826388888888889 0.46074074074074073 0.09027777777777778 0.1274074074074074
1 0.8131944444444444 0.4674074074074074 0.06527777777777778 0.1111111111111111
1 0.9319444444444445 0.45777777777777773 0.08055555555555556 0.11259259259259259
1 0.05555555555555556 0.597037037037037 0.08333333333333334 0.11259259259259259
1 0.17430555555555557 0.5962962962962962 0.08194444444444444 0.11407407407407406
1 0.29930555555555555 0.597037037037037 0.09027777777777778 0.12444444444444444
1 0.43680555555555556 0.6029629629629629 0.09027777777777778 0.13037037037037036
1 0.55625 0.5918518518518519 0.09583333333333334 0.11407407407407406
1 0.6847222222222222 0.5977777777777777 0.09444444444444444 0.12296296296296295
1 0.8208333333333334 0.5992592592592593 0.08888888888888889 0.12296296296296295
1 0.9395833333333333 0.5962962962962962 0.08472222222222223 0.12296296296296295
1 0.059722222222222225 0.797037037037037 0.08055555555555556 0.11851851851851851
1 0.18958333333333335 0.8014814814814815 0.07916666666666666 0.11259259259259259
1 0.29930555555555555 0.8051851851851851 0.07083333333333333 0.0962962962962963
1 0.4340277777777778 0.8044444444444444 0.06805555555555556 0.1037037037037037
1 0.5597222222222222 0.8059259259259259 0.07777777777777778 0.11259259259259259
1 0.6847222222222222 0.8088888888888889 0.08055555555555556 0.11555555555555555
1 0.8131944444444444 0.8074074074074074 0.0763888888888889 0.10962962962962962
1 0.9305555555555556 0.8014814814814815 0.08611111111111111 0.11851851851851851
1 0.06180555555555556 0.9429629629629629 0.0763888888888889 0.09925925925925926
1 0.17847222222222223 0.9422222222222222 0.08194444444444444 0.09481481481481481
1 0.29930555555555555 0.9422222222222222 0.0763888888888889 0.09481481481481481
1 0.43680555555555556 0.9377777777777777 0.07083333333333333 0.10962962962962962
1 0.5555555555555556 0.9362962962962963 0.08055555555555556 0.10666666666666666
1 0.68125 0.9362962962962963 0.06805555555555556 0.1037037037037037
1 0.8180555555555555 0.9385185185185184 0.08055555555555556 0.10222222222222221
1 0.9368055555555556 0.9385185185185184 0.07083333333333333 0.10222222222222221
